start=235.133333
volume=75.000000
fullscreen=yes
