start=873.270000
pause=yes
sid=1
sub-scale=0.400000
