start=192.442261
volume=72.500000
