start=1334.813000
pause=yes
sub-scale=0.300000
