start=659.868000
volume=97.500000
