start=1.166667
pause=yes
volume=2.000000
