start=1924.632286
pause=yes
volume=75.000000
