start=6293.913000
volume=92.500000
