start=519.311000
volume=90.000000
