start=0.625625
volume=75.000000
