start=123.029404
volume=95.000000
border=no
