start=3565.791667
volume=95.000000
