start=159.291327
pause=yes
volume=92.500000
vid=1
sid=no
