start=2593.799542
pause=yes
sub-delay=-4.299998
