start=159.996864
pause=yes
volume=96.000000
aid=1
vid=no
sid=1
