start=1033.085000
pause=yes
volume=90.000000
vid=1
sid=1
