start=17.684000
volume=68.000000
