start=0.000000
volume=77.500000
