start=1388.137000
pause=yes
sub-delay=1.700000
