start=166.514277
volume=87.500000
