start=1095.512000
volume=67.500000
fullscreen=yes
