start=213.600000
volume=97.500000
sub-visibility=no
