start=1090.876000
volume=97.500000
