start=1045.045000
volume=97.500000
