start=1453.161000
volume=42.000000
fullscreen=yes
