start=944.027000
volume=77.500000
