start=1325.409000
volume=87.500000
