start=2993.877000
sid=no
sub-delay=-3.499999
