start=762.954545
pause=yes
panscan=0.000000
