start=4873.473473
volume=95.000000
vid=1
sid=no
