start=7443.519417
volume=95.000000
fullscreen=yes
aid=1
vid=no
sid=1
