start=7553.879667
volume=95.000000
