start=19.400000
volume=87.500000
