start=72.155000
volume=95.000000
fullscreen=yes
