start=94.642564
volume=95.000000
