start=3421.376292
volume=84.000000
audio-delay=-0.000000
sub-delay=-3.391999
sub-pos=95
sub-ass-override=no
