start=31.865000
volume=65.000000
