start=1.836000
volume=97.500000
