start=1894.597522
volume=67.500000
