start=1403.819000
sub-delay=1.700000
