start=174.143697
volume=92.500000
