start=2501.080000
volume=75.000000
