start=37.366667
volume=75.000000
