start=1183.058000
volume=75.000000
