start=1436.687000
volume=95.000000
