start=0.033333
pause=yes
volume=38.000000
