start=3101.890458
volume=77.500000
