start=100.178955
volume=75.000000
