start=1016.808000
volume=77.500000
