start=710.156073
volume=92.500000
